"voter_name","affiliation","award","name","value","points","avgPoints","diff","diffSquared","ballot"
"Albert, Marv","Turner","1st Team All-Defense","forward","Adebayo, Bam (MIA)",5,2.93939393939394,2.06060606060606,4.24609733700643,"All-Defense"
"Albert, Marv","Turner","1st Team All-Defense","forward_2","Green, Draymond (GSW)",5,4.47474747474747,0.525252525252525,0.275890215284154,"All-Defense"
"Albert, Marv","Turner","1st Team All-Defense","center","Gobert, Rudy (UTA)",5,5,0,0,"All-Defense"
"Albert, Marv","Turner","1st Team All-Defense","guard","Holiday, Jrue (MIL)",5,4.05050505050505,0.94949494949495,0.901540659116417,"All-Defense"
"Albert, Marv","Turner","1st Team All-Defense","guard_2","Simmons, Ben (PHI)",5,5,0,0,"All-Defense"
"Amick, Sam","The Athletic","1st Team All-Defense","forward","Green, Draymond (GSW)",5,4.47474747474747,0.525252525252525,0.275890215284154,"All-Defense"
"Amick, Sam","The Athletic","1st Team All-Defense","forward_2","Embiid, Joel (PHI)",5,2.50505050505051,2.49494949494949,6.22477298234874,"All-Defense"
"Amick, Sam","The Athletic","1st Team All-Defense","center","Gobert, Rudy (UTA)",5,5,0,0,"All-Defense"
"Amick, Sam","The Athletic","1st Team All-Defense","guard","Simmons, Ben (PHI)",5,5,0,0,"All-Defense"
"Amick, Sam","The Athletic","1st Team All-Defense","guard_2","Holiday, Jrue (MIL)",5,4.05050505050505,0.94949494949495,0.901540659116417,"All-Defense"
"Anthony, Greg","Turner","1st Team All-Defense","forward","Adebayo, Bam (MIA)",5,2.93939393939394,2.06060606060606,4.24609733700643,"All-Defense"
"Anthony, Greg","Turner","1st Team All-Defense","forward_2","Green, Draymond (GSW)",5,4.47474747474747,0.525252525252525,0.275890215284154,"All-Defense"
"Anthony, Greg","Turner","1st Team All-Defense","center","Gobert, Rudy (UTA)",5,5,0,0,"All-Defense"
"Anthony, Greg","Turner","1st Team All-Defense","guard","Simmons, Ben (PHI)",5,5,0,0,"All-Defense"
"Anthony, Greg","Turner","1st Team All-Defense","guard_2","Butler, Jimmy (MIA)",5,2.93939393939394,2.06060606060606,4.24609733700643,"All-Defense"
"Arnovitz, Kevin","ESPN","1st Team All-Defense","forward","Green, Draymond (GSW)",5,4.47474747474747,0.525252525252525,0.275890215284154,"All-Defense"
"Arnovitz, Kevin","ESPN","1st Team All-Defense","forward_2","Butler, Jimmy (MIA)",5,2.93939393939394,2.06060606060606,4.24609733700643,"All-Defense"
"Arnovitz, Kevin","ESPN","1st Team All-Defense","center","Gobert, Rudy (UTA)",5,5,0,0,"All-Defense"
"Arnovitz, Kevin","ESPN","1st Team All-Defense","guard","Simmons, Ben (PHI)",5,5,0,0,"All-Defense"
"Arnovitz, Kevin","ESPN","1st Team All-Defense","guard_2","Dort, Luguentz (OKC)",5,0.454545454545455,4.54545454545455,20.6611570247934,"All-Defense"
"Aschburner, Steve","NBA.com","1st Team All-Defense","forward","Antetokounmpo, Giannis (MIL)",5,3.60606060606061,1.39393939393939,1.94306703397613,"All-Defense"
"Aschburner, Steve","NBA.com","1st Team All-Defense","forward_2","Adebayo, Bam (MIA)",5,2.93939393939394,2.06060606060606,4.24609733700643,"All-Defense"
"Aschburner, Steve","NBA.com","1st Team All-Defense","center","Gobert, Rudy (UTA)",5,5,0,0,"All-Defense"
"Aschburner, Steve","NBA.com","1st Team All-Defense","guard","Simmons, Ben (PHI)",5,5,0,0,"All-Defense"
"Aschburner, Steve","NBA.com","1st Team All-Defense","guard_2","Holiday, Jrue (MIL)",5,4.05050505050505,0.94949494949495,0.901540659116417,"All-Defense"
"Barnes, Evan","Memphis Commercial Appeal","1st Team All-Defense","forward","Green, Draymond (GSW)",5,4.47474747474747,0.525252525252525,0.275890215284154,"All-Defense"
"Barnes, Evan","Memphis Commercial Appeal","1st Team All-Defense","forward_2","Butler, Jimmy (MIA)",5,2.93939393939394,2.06060606060606,4.24609733700643,"All-Defense"
"Barnes, Evan","Memphis Commercial Appeal","1st Team All-Defense","center","Gobert, Rudy (UTA)",5,5,0,0,"All-Defense"
"Barnes, Evan","Memphis Commercial Appeal","1st Team All-Defense","guard","Simmons, Ben (PHI)",5,5,0,0,"All-Defense"
"Barnes, Evan","Memphis Commercial Appeal","1st Team All-Defense","guard_2","Holiday, Jrue (MIL)",5,4.05050505050505,0.94949494949495,0.901540659116417,"All-Defense"
"Barry, Jon","ESPN","1st Team All-Defense","forward","Green, Draymond (GSW)",5,4.47474747474747,0.525252525252525,0.275890215284154,"All-Defense"
"Barry, Jon","ESPN","1st Team All-Defense","forward_2","Turner, Myles (IND)",5,0.626262626262626,4.37373737373737,19.1295786144271,"All-Defense"
"Barry, Jon","ESPN","1st Team All-Defense","center","Gobert, Rudy (UTA)",5,5,0,0,"All-Defense"
"Barry, Jon","ESPN","1st Team All-Defense","guard","Simmons, Ben (PHI)",5,5,0,0,"All-Defense"
"Barry, Jon","ESPN","1st Team All-Defense","guard_2","Holiday, Jrue (MIL)",5,4.05050505050505,0.94949494949495,0.901540659116417,"All-Defense"
"Beck, Howard","Sports Illustrated","1st Team All-Defense","forward","Green, Draymond (GSW)",5,4.47474747474747,0.525252525252525,0.275890215284154,"All-Defense"
"Beck, Howard","Sports Illustrated","1st Team All-Defense","forward_2","Butler, Jimmy (MIA)",5,2.93939393939394,2.06060606060606,4.24609733700643,"All-Defense"
"Beck, Howard","Sports Illustrated","1st Team All-Defense","center","Gobert, Rudy (UTA)",5,5,0,0,"All-Defense"
"Beck, Howard","Sports Illustrated","1st Team All-Defense","guard","Holiday, Jrue (MIL)",5,4.05050505050505,0.94949494949495,0.901540659116417,"All-Defense"
"Beck, Howard","Sports Illustrated","1st Team All-Defense","guard_2","Simmons, Ben (PHI)",5,5,0,0,"All-Defense"
"Bondy, Stefan","New York Daily News","1st Team All-Defense","forward","Antetokounmpo, Giannis (MIL)",5,3.60606060606061,1.39393939393939,1.94306703397613,"All-Defense"
"Bondy, Stefan","New York Daily News","1st Team All-Defense","forward_2","Adebayo, Bam (MIA)",5,2.93939393939394,2.06060606060606,4.24609733700643,"All-Defense"
"Bondy, Stefan","New York Daily News","1st Team All-Defense","center","Gobert, Rudy (UTA)",5,5,0,0,"All-Defense"
"Bondy, Stefan","New York Daily News","1st Team All-Defense","guard","Holiday, Jrue (MIL)",5,4.05050505050505,0.94949494949495,0.901540659116417,"All-Defense"
"Bondy, Stefan","New York Daily News","1st Team All-Defense","guard_2","Simmons, Ben (PHI)",5,5,0,0,"All-Defense"
"Bontemps, Tim","ESPN","1st Team All-Defense","forward","Green, Draymond (GSW)",5,4.47474747474747,0.525252525252525,0.275890215284154,"All-Defense"
"Bontemps, Tim","ESPN","1st Team All-Defense","forward_2","Antetokounmpo, Giannis (MIL)",5,3.60606060606061,1.39393939393939,1.94306703397613,"All-Defense"
"Bontemps, Tim","ESPN","1st Team All-Defense","center","Gobert, Rudy (UTA)",5,5,0,0,"All-Defense"
"Bontemps, Tim","ESPN","1st Team All-Defense","guard","Simmons, Ben (PHI)",5,5,0,0,"All-Defense"
"Bontemps, Tim","ESPN","1st Team All-Defense","guard_2","Holiday, Jrue (MIL)",5,4.05050505050505,0.94949494949495,0.901540659116417,"All-Defense"
"Broussard, Chris","Fox Sports","1st Team All-Defense","forward","Green, Draymond (GSW)",5,4.47474747474747,0.525252525252525,0.275890215284154,"All-Defense"
"Broussard, Chris","Fox Sports","1st Team All-Defense","forward_2","Adebayo, Bam (MIA)",5,2.93939393939394,2.06060606060606,4.24609733700643,"All-Defense"
"Broussard, Chris","Fox Sports","1st Team All-Defense","center","Gobert, Rudy (UTA)",5,5,0,0,"All-Defense"
"Broussard, Chris","Fox Sports","1st Team All-Defense","guard","Simmons, Ben (PHI)",5,5,0,0,"All-Defense"
"Broussard, Chris","Fox Sports","1st Team All-Defense","guard_2","Holiday, Jrue (MIL)",5,4.05050505050505,0.94949494949495,0.901540659116417,"All-Defense"
"Bucher, Ric","Sirius Radio","1st Team All-Defense","forward","Adebayo, Bam (MIA)",5,2.93939393939394,2.06060606060606,4.24609733700643,"All-Defense"
"Bucher, Ric","Sirius Radio","1st Team All-Defense","forward_2","Green, Draymond (GSW)",5,4.47474747474747,0.525252525252525,0.275890215284154,"All-Defense"
"Bucher, Ric","Sirius Radio","1st Team All-Defense","center","Gobert, Rudy (UTA)",5,5,0,0,"All-Defense"
"Bucher, Ric","Sirius Radio","1st Team All-Defense","guard","Simmons, Ben (PHI)",5,5,0,0,"All-Defense"
"Bucher, Ric","Sirius Radio","1st Team All-Defense","guard_2","Schroder, Dennis (LAL)",5,0.0606060606060606,4.93939393939394,24.3976124885216,"All-Defense"
"Burke, Doris","ESPN","1st Team All-Defense","forward","Green, Draymond (GSW)",5,4.47474747474747,0.525252525252525,0.275890215284154,"All-Defense"
"Burke, Doris","ESPN","1st Team All-Defense","forward_2","Antetokounmpo, Giannis (MIL)",5,3.60606060606061,1.39393939393939,1.94306703397613,"All-Defense"
"Burke, Doris","ESPN","1st Team All-Defense","center","Gobert, Rudy (UTA)",5,5,0,0,"All-Defense"
"Burke, Doris","ESPN","1st Team All-Defense","guard","Simmons, Ben (PHI)",5,5,0,0,"All-Defense"
"Burke, Doris","ESPN","1st Team All-Defense","guard_2","Butler, Jimmy (MIA)",5,2.93939393939394,2.06060606060606,4.24609733700643,"All-Defense"
"Charania, Shams","The Athletic/Stadium","1st Team All-Defense","forward","Antetokounmpo, Giannis (MIL)",5,3.60606060606061,1.39393939393939,1.94306703397613,"All-Defense"
"Charania, Shams","The Athletic/Stadium","1st Team All-Defense","forward_2","Green, Draymond (GSW)",5,4.47474747474747,0.525252525252525,0.275890215284154,"All-Defense"
"Charania, Shams","The Athletic/Stadium","1st Team All-Defense","center","Gobert, Rudy (UTA)",5,5,0,0,"All-Defense"
"Charania, Shams","The Athletic/Stadium","1st Team All-Defense","guard","Simmons, Ben (PHI)",5,5,0,0,"All-Defense"
"Charania, Shams","The Athletic/Stadium","1st Team All-Defense","guard_2","Holiday, Jrue (MIL)",5,4.05050505050505,0.94949494949495,0.901540659116417,"All-Defense"
"Chiang, Anthony","Miami Herald","1st Team All-Defense","forward","Green, Draymond (GSW)",5,4.47474747474747,0.525252525252525,0.275890215284154,"All-Defense"
"Chiang, Anthony","Miami Herald","1st Team All-Defense","forward_2","Adebayo, Bam (MIA)",5,2.93939393939394,2.06060606060606,4.24609733700643,"All-Defense"
"Chiang, Anthony","Miami Herald","1st Team All-Defense","center","Gobert, Rudy (UTA)",5,5,0,0,"All-Defense"
"Chiang, Anthony","Miami Herald","1st Team All-Defense","guard","Simmons, Ben (PHI)",5,5,0,0,"All-Defense"
"Chiang, Anthony","Miami Herald","1st Team All-Defense","guard_2","Holiday, Jrue (MIL)",5,4.05050505050505,0.94949494949495,0.901540659116417,"All-Defense"
"Chinellato, Davide","La Gazzetta Dello Sport","1st Team All-Defense","forward","Butler, Jimmy (MIA)",5,2.93939393939394,2.06060606060606,4.24609733700643,"All-Defense"
"Chinellato, Davide","La Gazzetta Dello Sport","1st Team All-Defense","forward_2","Adebayo, Bam (MIA)",5,2.93939393939394,2.06060606060606,4.24609733700643,"All-Defense"
"Chinellato, Davide","La Gazzetta Dello Sport","1st Team All-Defense","center","Gobert, Rudy (UTA)",5,5,0,0,"All-Defense"
"Chinellato, Davide","La Gazzetta Dello Sport","1st Team All-Defense","guard","Simmons, Ben (PHI)",5,5,0,0,"All-Defense"
"Chinellato, Davide","La Gazzetta Dello Sport","1st Team All-Defense","guard_2","Holiday, Jrue (MIL)",5,4.05050505050505,0.94949494949495,0.901540659116417,"All-Defense"
"Codocea, Mauricio","Clarin (Argentina)","1st Team All-Defense","forward","Antetokounmpo, Giannis (MIL)",5,3.60606060606061,1.39393939393939,1.94306703397613,"All-Defense"
"Codocea, Mauricio","Clarin (Argentina)","1st Team All-Defense","forward_2","Embiid, Joel (PHI)",5,2.50505050505051,2.49494949494949,6.22477298234874,"All-Defense"
"Codocea, Mauricio","Clarin (Argentina)","1st Team All-Defense","center","Gobert, Rudy (UTA)",5,5,0,0,"All-Defense"
"Codocea, Mauricio","Clarin (Argentina)","1st Team All-Defense","guard","Simmons, Ben (PHI)",5,5,0,0,"All-Defense"
"Codocea, Mauricio","Clarin (Argentina)","1st Team All-Defense","guard_2","Paul, Chris (PHX)",5,0.353535353535354,4.64646464646465,21.5896337108458,"All-Defense"
"Collier, Jamal","Chicago Tribune","1st Team All-Defense","forward","Antetokounmpo, Giannis (MIL)",5,3.60606060606061,1.39393939393939,1.94306703397613,"All-Defense"
"Collier, Jamal","Chicago Tribune","1st Team All-Defense","forward_2","Green, Draymond (GSW)",5,4.47474747474747,0.525252525252525,0.275890215284154,"All-Defense"
"Collier, Jamal","Chicago Tribune","1st Team All-Defense","center","Gobert, Rudy (UTA)",5,5,0,0,"All-Defense"
"Collier, Jamal","Chicago Tribune","1st Team All-Defense","guard","Simmons, Ben (PHI)",5,5,0,0,"All-Defense"
"Collier, Jamal","Chicago Tribune","1st Team All-Defense","guard_2","Butler, Jimmy (MIA)",5,2.93939393939394,2.06060606060606,4.24609733700643,"All-Defense"
"Daimiel, Antoni","Movistar+","1st Team All-Defense","forward","Simmons, Ben (PHI)",5,5,0,0,"All-Defense"
"Daimiel, Antoni","Movistar+","1st Team All-Defense","forward_2","Adebayo, Bam (MIA)",5,2.93939393939394,2.06060606060606,4.24609733700643,"All-Defense"
"Daimiel, Antoni","Movistar+","1st Team All-Defense","center","Gobert, Rudy (UTA)",5,5,0,0,"All-Defense"
"Daimiel, Antoni","Movistar+","1st Team All-Defense","guard","Bridges, Mikal (PHX)",5,1.09090909090909,3.90909090909091,15.2809917355372,"All-Defense"
"Daimiel, Antoni","Movistar+","1st Team All-Defense","guard_2","Caldwell-Pope, Kentavious (LAL)",5,0.0606060606060606,4.93939393939394,24.3976124885216,"All-Defense"
"Devine, Dan","The Ringer","1st Team All-Defense","forward","Green, Draymond (GSW)",5,4.47474747474747,0.525252525252525,0.275890215284154,"All-Defense"
"Devine, Dan","The Ringer","1st Team All-Defense","forward_2","Butler, Jimmy (MIA)",5,2.93939393939394,2.06060606060606,4.24609733700643,"All-Defense"
"Devine, Dan","The Ringer","1st Team All-Defense","center","Gobert, Rudy (UTA)",5,5,0,0,"All-Defense"
"Devine, Dan","The Ringer","1st Team All-Defense","guard","Holiday, Jrue (MIL)",5,4.05050505050505,0.94949494949495,0.901540659116417,"All-Defense"
"Devine, Dan","The Ringer","1st Team All-Defense","guard_2","Simmons, Ben (PHI)",5,5,0,0,"All-Defense"
"Fedor, Chris","Cleveland.com","1st Team All-Defense","forward","Green, Draymond (GSW)",5,4.47474747474747,0.525252525252525,0.275890215284154,"All-Defense"
"Fedor, Chris","Cleveland.com","1st Team All-Defense","forward_2","Turner, Myles (IND)",5,0.626262626262626,4.37373737373737,19.1295786144271,"All-Defense"
"Fedor, Chris","Cleveland.com","1st Team All-Defense","center","Gobert, Rudy (UTA)",5,5,0,0,"All-Defense"
"Fedor, Chris","Cleveland.com","1st Team All-Defense","guard","Simmons, Ben (PHI)",5,5,0,0,"All-Defense"
"Fedor, Chris","Cleveland.com","1st Team All-Defense","guard_2","Butler, Jimmy (MIA)",5,2.93939393939394,2.06060606060606,4.24609733700643,"All-Defense"
"Freeman, Joe","The Oregonian","1st Team All-Defense","forward","Adebayo, Bam (MIA)",5,2.93939393939394,2.06060606060606,4.24609733700643,"All-Defense"
"Freeman, Joe","The Oregonian","1st Team All-Defense","forward_2","Green, Draymond (GSW)",5,4.47474747474747,0.525252525252525,0.275890215284154,"All-Defense"
"Freeman, Joe","The Oregonian","1st Team All-Defense","center","Gobert, Rudy (UTA)",5,5,0,0,"All-Defense"
"Freeman, Joe","The Oregonian","1st Team All-Defense","guard","Simmons, Ben (PHI)",5,5,0,0,"All-Defense"
"Freeman, Joe","The Oregonian","1st Team All-Defense","guard_2","Holiday, Jrue (MIL)",5,4.05050505050505,0.94949494949495,0.901540659116417,"All-Defense"
"Goodwill, Vince","Yahoo! Sports","1st Team All-Defense","forward","Antetokounmpo, Giannis (MIL)",5,3.60606060606061,1.39393939393939,1.94306703397613,"All-Defense"
"Goodwill, Vince","Yahoo! Sports","1st Team All-Defense","forward_2","Green, Draymond (GSW)",5,4.47474747474747,0.525252525252525,0.275890215284154,"All-Defense"
"Goodwill, Vince","Yahoo! Sports","1st Team All-Defense","center","Gobert, Rudy (UTA)",5,5,0,0,"All-Defense"
"Goodwill, Vince","Yahoo! Sports","1st Team All-Defense","guard","Simmons, Ben (PHI)",5,5,0,0,"All-Defense"
"Goodwill, Vince","Yahoo! Sports","1st Team All-Defense","guard_2","Holiday, Jrue (MIL)",5,4.05050505050505,0.94949494949495,0.901540659116417,"All-Defense"
"Goon, Kyle","Southern California News Group","1st Team All-Defense","forward","Green, Draymond (GSW)",5,4.47474747474747,0.525252525252525,0.275890215284154,"All-Defense"
"Goon, Kyle","Southern California News Group","1st Team All-Defense","forward_2","Butler, Jimmy (MIA)",5,2.93939393939394,2.06060606060606,4.24609733700643,"All-Defense"
"Goon, Kyle","Southern California News Group","1st Team All-Defense","center","Gobert, Rudy (UTA)",5,5,0,0,"All-Defense"
"Goon, Kyle","Southern California News Group","1st Team All-Defense","guard","Holiday, Jrue (MIL)",5,4.05050505050505,0.94949494949495,0.901540659116417,"All-Defense"
"Goon, Kyle","Southern California News Group","1st Team All-Defense","guard_2","Simmons, Ben (PHI)",5,5,0,0,"All-Defense"
"Grange, Michael","Rogers Sportsnet","1st Team All-Defense","forward","Green, Draymond (GSW)",5,4.47474747474747,0.525252525252525,0.275890215284154,"All-Defense"
"Grange, Michael","Rogers Sportsnet","1st Team All-Defense","forward_2","Antetokounmpo, Giannis (MIL)",5,3.60606060606061,1.39393939393939,1.94306703397613,"All-Defense"
"Grange, Michael","Rogers Sportsnet","1st Team All-Defense","center","Gobert, Rudy (UTA)",5,5,0,0,"All-Defense"
"Grange, Michael","Rogers Sportsnet","1st Team All-Defense","guard","Holiday, Jrue (MIL)",5,4.05050505050505,0.94949494949495,0.901540659116417,"All-Defense"
"Grange, Michael","Rogers Sportsnet","1st Team All-Defense","guard_2","Simmons, Ben (PHI)",5,5,0,0,"All-Defense"
"Greenberg, Jared","Turner","1st Team All-Defense","forward","Green, Draymond (GSW)",5,4.47474747474747,0.525252525252525,0.275890215284154,"All-Defense"
"Greenberg, Jared","Turner","1st Team All-Defense","forward_2","Adebayo, Bam (MIA)",5,2.93939393939394,2.06060606060606,4.24609733700643,"All-Defense"
"Greenberg, Jared","Turner","1st Team All-Defense","center","Gobert, Rudy (UTA)",5,5,0,0,"All-Defense"
"Greenberg, Jared","Turner","1st Team All-Defense","guard","Simmons, Ben (PHI)",5,5,0,0,"All-Defense"
"Greenberg, Jared","Turner","1st Team All-Defense","guard_2","Holiday, Jrue (MIL)",5,4.05050505050505,0.94949494949495,0.901540659116417,"All-Defense"
"Harlan, Kevin","Turner","1st Team All-Defense","forward","Adebayo, Bam (MIA)",5,2.93939393939394,2.06060606060606,4.24609733700643,"All-Defense"
"Harlan, Kevin","Turner","1st Team All-Defense","forward_2","Green, Draymond (GSW)",5,4.47474747474747,0.525252525252525,0.275890215284154,"All-Defense"
"Harlan, Kevin","Turner","1st Team All-Defense","center","Gobert, Rudy (UTA)",5,5,0,0,"All-Defense"
"Harlan, Kevin","Turner","1st Team All-Defense","guard","Simmons, Ben (PHI)",5,5,0,0,"All-Defense"
"Harlan, Kevin","Turner","1st Team All-Defense","guard_2","Bridges, Mikal (PHX)",5,1.09090909090909,3.90909090909091,15.2809917355372,"All-Defense"
"Harper, Zach","The Athletic","1st Team All-Defense","forward","Green, Draymond (GSW)",5,4.47474747474747,0.525252525252525,0.275890215284154,"All-Defense"
"Harper, Zach","The Athletic","1st Team All-Defense","forward_2","Leonard, Kawhi (LAC)",5,1.17171717171717,3.82828282828283,14.6557494133252,"All-Defense"
"Harper, Zach","The Athletic","1st Team All-Defense","center","Gobert, Rudy (UTA)",5,5,0,0,"All-Defense"
"Harper, Zach","The Athletic","1st Team All-Defense","guard","Simmons, Ben (PHI)",5,5,0,0,"All-Defense"
"Harper, Zach","The Athletic","1st Team All-Defense","guard_2","Holiday, Jrue (MIL)",5,4.05050505050505,0.94949494949495,0.901540659116417,"All-Defense"
"Haupt, Max","DPA","1st Team All-Defense","forward","Embiid, Joel (PHI)",5,2.50505050505051,2.49494949494949,6.22477298234874,"All-Defense"
"Haupt, Max","DPA","1st Team All-Defense","forward_2","Antetokounmpo, Giannis (MIL)",5,3.60606060606061,1.39393939393939,1.94306703397613,"All-Defense"
"Haupt, Max","DPA","1st Team All-Defense","center","Gobert, Rudy (UTA)",5,5,0,0,"All-Defense"
"Haupt, Max","DPA","1st Team All-Defense","guard","Simmons, Ben (PHI)",5,5,0,0,"All-Defense"
"Haupt, Max","DPA","1st Team All-Defense","guard_2","Smart, Marcus (BOS)",5,0.606060606060606,4.39393939393939,19.3067033976125,"All-Defense"
"Haynes, Chris","Yahoo! Sports","1st Team All-Defense","forward","Adebayo, Bam (MIA)",5,2.93939393939394,2.06060606060606,4.24609733700643,"All-Defense"
"Haynes, Chris","Yahoo! Sports","1st Team All-Defense","forward_2","Green, Draymond (GSW)",5,4.47474747474747,0.525252525252525,0.275890215284154,"All-Defense"
"Haynes, Chris","Yahoo! Sports","1st Team All-Defense","center","Gobert, Rudy (UTA)",5,5,0,0,"All-Defense"
"Haynes, Chris","Yahoo! Sports","1st Team All-Defense","guard","Simmons, Ben (PHI)",5,5,0,0,"All-Defense"
"Haynes, Chris","Yahoo! Sports","1st Team All-Defense","guard_2","Holiday, Jrue (MIL)",5,4.05050505050505,0.94949494949495,0.901540659116417,"All-Defense"
"Helin, Kurt","NBCSports.com","1st Team All-Defense","forward","Green, Draymond (GSW)",5,4.47474747474747,0.525252525252525,0.275890215284154,"All-Defense"
"Helin, Kurt","NBCSports.com","1st Team All-Defense","forward_2","Antetokounmpo, Giannis (MIL)",5,3.60606060606061,1.39393939393939,1.94306703397613,"All-Defense"
"Helin, Kurt","NBCSports.com","1st Team All-Defense","center","Gobert, Rudy (UTA)",5,5,0,0,"All-Defense"
"Helin, Kurt","NBCSports.com","1st Team All-Defense","guard","Butler, Jimmy (MIA)",5,2.93939393939394,2.06060606060606,4.24609733700643,"All-Defense"
"Helin, Kurt","NBCSports.com","1st Team All-Defense","guard_2","Simmons, Ben (PHI)",5,5,0,0,"All-Defense"
"Himmelsbach, Adam","Boston Globe","1st Team All-Defense","forward","Green, Draymond (GSW)",5,4.47474747474747,0.525252525252525,0.275890215284154,"All-Defense"
"Himmelsbach, Adam","Boston Globe","1st Team All-Defense","forward_2","Antetokounmpo, Giannis (MIL)",5,3.60606060606061,1.39393939393939,1.94306703397613,"All-Defense"
"Himmelsbach, Adam","Boston Globe","1st Team All-Defense","center","Gobert, Rudy (UTA)",5,5,0,0,"All-Defense"
"Himmelsbach, Adam","Boston Globe","1st Team All-Defense","guard","Simmons, Ben (PHI)",5,5,0,0,"All-Defense"
"Himmelsbach, Adam","Boston Globe","1st Team All-Defense","guard_2","Butler, Jimmy (MIA)",5,2.93939393939394,2.06060606060606,4.24609733700643,"All-Defense"
"Hsu, Lisa","Tencent","1st Team All-Defense","forward","Green, Draymond (GSW)",5,4.47474747474747,0.525252525252525,0.275890215284154,"All-Defense"
"Hsu, Lisa","Tencent","1st Team All-Defense","forward_2","Antetokounmpo, Giannis (MIL)",5,3.60606060606061,1.39393939393939,1.94306703397613,"All-Defense"
"Hsu, Lisa","Tencent","1st Team All-Defense","center","Gobert, Rudy (UTA)",5,5,0,0,"All-Defense"
"Hsu, Lisa","Tencent","1st Team All-Defense","guard","Holiday, Jrue (MIL)",5,4.05050505050505,0.94949494949495,0.901540659116417,"All-Defense"
"Hsu, Lisa","Tencent","1st Team All-Defense","guard_2","Simmons, Ben (PHI)",5,5,0,0,"All-Defense"
"Hubbarth, Cassidy","ESPN","1st Team All-Defense","forward","Green, Draymond (GSW)",5,4.47474747474747,0.525252525252525,0.275890215284154,"All-Defense"
"Hubbarth, Cassidy","ESPN","1st Team All-Defense","forward_2","Butler, Jimmy (MIA)",5,2.93939393939394,2.06060606060606,4.24609733700643,"All-Defense"
"Hubbarth, Cassidy","ESPN","1st Team All-Defense","center","Gobert, Rudy (UTA)",5,5,0,0,"All-Defense"
"Hubbarth, Cassidy","ESPN","1st Team All-Defense","guard","Simmons, Ben (PHI)",5,5,0,0,"All-Defense"
"Hubbarth, Cassidy","ESPN","1st Team All-Defense","guard_2","Holiday, Jrue (MIL)",5,4.05050505050505,0.94949494949495,0.901540659116417,"All-Defense"
"Iko, Kelly","The Athletic","1st Team All-Defense","forward","Green, Draymond (GSW)",5,4.47474747474747,0.525252525252525,0.275890215284154,"All-Defense"
"Iko, Kelly","The Athletic","1st Team All-Defense","forward_2","Adebayo, Bam (MIA)",5,2.93939393939394,2.06060606060606,4.24609733700643,"All-Defense"
"Iko, Kelly","The Athletic","1st Team All-Defense","center","Gobert, Rudy (UTA)",5,5,0,0,"All-Defense"
"Iko, Kelly","The Athletic","1st Team All-Defense","guard","Simmons, Ben (PHI)",5,5,0,0,"All-Defense"
"Iko, Kelly","The Athletic","1st Team All-Defense","guard_2","Butler, Jimmy (MIA)",5,2.93939393939394,2.06060606060606,4.24609733700643,"All-Defense"
"Isola, Frank","Sirius Radio","1st Team All-Defense","forward","Antetokounmpo, Giannis (MIL)",5,3.60606060606061,1.39393939393939,1.94306703397613,"All-Defense"
"Isola, Frank","Sirius Radio","1st Team All-Defense","forward_2","Butler, Jimmy (MIA)",5,2.93939393939394,2.06060606060606,4.24609733700643,"All-Defense"
"Isola, Frank","Sirius Radio","1st Team All-Defense","center","Gobert, Rudy (UTA)",5,5,0,0,"All-Defense"
"Isola, Frank","Sirius Radio","1st Team All-Defense","guard","Simmons, Ben (PHI)",5,5,0,0,"All-Defense"
"Isola, Frank","Sirius Radio","1st Team All-Defense","guard_2","Holiday, Jrue (MIL)",5,4.05050505050505,0.94949494949495,0.901540659116417,"All-Defense"
"Jackson, Mark","ESPN","1st Team All-Defense","forward","Antetokounmpo, Giannis (MIL)",5,3.60606060606061,1.39393939393939,1.94306703397613,"All-Defense"
"Jackson, Mark","ESPN","1st Team All-Defense","forward_2","Embiid, Joel (PHI)",5,2.50505050505051,2.49494949494949,6.22477298234874,"All-Defense"
"Jackson, Mark","ESPN","1st Team All-Defense","center","Gobert, Rudy (UTA)",5,5,0,0,"All-Defense"
"Jackson, Mark","ESPN","1st Team All-Defense","guard","Holiday, Jrue (MIL)",5,4.05050505050505,0.94949494949495,0.901540659116417,"All-Defense"
"Jackson, Mark","ESPN","1st Team All-Defense","guard_2","Simmons, Ben (PHI)",5,5,0,0,"All-Defense"
"Johnson, Ernie","Turner","1st Team All-Defense","forward","Bridges, Mikal (PHX)",5,1.09090909090909,3.90909090909091,15.2809917355372,"All-Defense"
"Johnson, Ernie","Turner","1st Team All-Defense","forward_2","Adebayo, Bam (MIA)",5,2.93939393939394,2.06060606060606,4.24609733700643,"All-Defense"
"Johnson, Ernie","Turner","1st Team All-Defense","center","Gobert, Rudy (UTA)",5,5,0,0,"All-Defense"
"Johnson, Ernie","Turner","1st Team All-Defense","guard","Holiday, Jrue (MIL)",5,4.05050505050505,0.94949494949495,0.901540659116417,"All-Defense"
"Johnson, Ernie","Turner","1st Team All-Defense","guard_2","Simmons, Ben (PHI)",5,5,0,0,"All-Defense"
"Jones, Jason","The Athletic","1st Team All-Defense","forward","Green, Draymond (GSW)",5,4.47474747474747,0.525252525252525,0.275890215284154,"All-Defense"
"Jones, Jason","The Athletic","1st Team All-Defense","forward_2","Simmons, Ben (PHI)",5,5,0,0,"All-Defense"
"Jones, Jason","The Athletic","1st Team All-Defense","center","Gobert, Rudy (UTA)",5,5,0,0,"All-Defense"
"Jones, Jason","The Athletic","1st Team All-Defense","guard","Holiday, Jrue (MIL)",5,4.05050505050505,0.94949494949495,0.901540659116417,"All-Defense"
"Jones, Jason","The Athletic","1st Team All-Defense","guard_2","Brown, Jaylen (BOS)",5,0,5,25,"All-Defense"
"Jones, Tony","The Athletic","1st Team All-Defense","forward","Green, Draymond (GSW)",5,4.47474747474747,0.525252525252525,0.275890215284154,"All-Defense"
"Jones, Tony","The Athletic","1st Team All-Defense","forward_2","Embiid, Joel (PHI)",5,2.50505050505051,2.49494949494949,6.22477298234874,"All-Defense"
"Jones, Tony","The Athletic","1st Team All-Defense","center","Gobert, Rudy (UTA)",5,5,0,0,"All-Defense"
"Jones, Tony","The Athletic","1st Team All-Defense","guard","Holiday, Jrue (MIL)",5,4.05050505050505,0.94949494949495,0.901540659116417,"All-Defense"
"Jones, Tony","The Athletic","1st Team All-Defense","guard_2","Simmons, Ben (PHI)",5,5,0,0,"All-Defense"
"Katz, Fred","The Athletic","1st Team All-Defense","forward","Antetokounmpo, Giannis (MIL)",5,3.60606060606061,1.39393939393939,1.94306703397613,"All-Defense"
"Katz, Fred","The Athletic","1st Team All-Defense","forward_2","Green, Draymond (GSW)",5,4.47474747474747,0.525252525252525,0.275890215284154,"All-Defense"
"Katz, Fred","The Athletic","1st Team All-Defense","center","Gobert, Rudy (UTA)",5,5,0,0,"All-Defense"
"Katz, Fred","The Athletic","1st Team All-Defense","guard","Simmons, Ben (PHI)",5,5,0,0,"All-Defense"
"Katz, Fred","The Athletic","1st Team All-Defense","guard_2","Bridges, Mikal (PHX)",5,1.09090909090909,3.90909090909091,15.2809917355372,"All-Defense"
"Kestecher, Marc","ESPN","1st Team All-Defense","forward","Antetokounmpo, Giannis (MIL)",5,3.60606060606061,1.39393939393939,1.94306703397613,"All-Defense"
"Kestecher, Marc","ESPN","1st Team All-Defense","forward_2","Green, Draymond (GSW)",5,4.47474747474747,0.525252525252525,0.275890215284154,"All-Defense"
"Kestecher, Marc","ESPN","1st Team All-Defense","center","Gobert, Rudy (UTA)",5,5,0,0,"All-Defense"
"Kestecher, Marc","ESPN","1st Team All-Defense","guard","Simmons, Ben (PHI)",5,5,0,0,"All-Defense"
"Kestecher, Marc","ESPN","1st Team All-Defense","guard_2","Holiday, Jrue (MIL)",5,4.05050505050505,0.94949494949495,0.901540659116417,"All-Defense"
"Kirschner, Chris","The Athletic","1st Team All-Defense","forward","Antetokounmpo, Giannis (MIL)",5,3.60606060606061,1.39393939393939,1.94306703397613,"All-Defense"
"Kirschner, Chris","The Athletic","1st Team All-Defense","forward_2","Green, Draymond (GSW)",5,4.47474747474747,0.525252525252525,0.275890215284154,"All-Defense"
"Kirschner, Chris","The Athletic","1st Team All-Defense","center","Gobert, Rudy (UTA)",5,5,0,0,"All-Defense"
"Kirschner, Chris","The Athletic","1st Team All-Defense","guard","Simmons, Ben (PHI)",5,5,0,0,"All-Defense"
"Kirschner, Chris","The Athletic","1st Team All-Defense","guard_2","Butler, Jimmy (MIA)",5,2.93939393939394,2.06060606060606,4.24609733700643,"All-Defense"
"Kushner, Scott","New Orleans Times Picayune","1st Team All-Defense","forward","Green, Draymond (GSW)",5,4.47474747474747,0.525252525252525,0.275890215284154,"All-Defense"
"Kushner, Scott","New Orleans Times Picayune","1st Team All-Defense","forward_2","Adebayo, Bam (MIA)",5,2.93939393939394,2.06060606060606,4.24609733700643,"All-Defense"
"Kushner, Scott","New Orleans Times Picayune","1st Team All-Defense","center","Gobert, Rudy (UTA)",5,5,0,0,"All-Defense"
"Kushner, Scott","New Orleans Times Picayune","1st Team All-Defense","guard","Simmons, Ben (PHI)",5,5,0,0,"All-Defense"
"Kushner, Scott","New Orleans Times Picayune","1st Team All-Defense","guard_2","Holiday, Jrue (MIL)",5,4.05050505050505,0.94949494949495,0.901540659116417,"All-Defense"
"Lewis, Brian","New York Post","1st Team All-Defense","forward","Antetokounmpo, Giannis (MIL)",5,3.60606060606061,1.39393939393939,1.94306703397613,"All-Defense"
"Lewis, Brian","New York Post","1st Team All-Defense","forward_2","Green, Draymond (GSW)",5,4.47474747474747,0.525252525252525,0.275890215284154,"All-Defense"
"Lewis, Brian","New York Post","1st Team All-Defense","center","Gobert, Rudy (UTA)",5,5,0,0,"All-Defense"
"Lewis, Brian","New York Post","1st Team All-Defense","guard","Simmons, Ben (PHI)",5,5,0,0,"All-Defense"
"Lewis, Brian","New York Post","1st Team All-Defense","guard_2","Holiday, Jrue (MIL)",5,4.05050505050505,0.94949494949495,0.901540659116417,"All-Defense"
"Lowe, Zach","ESPN","1st Team All-Defense","forward","Green, Draymond (GSW)",5,4.47474747474747,0.525252525252525,0.275890215284154,"All-Defense"
"Lowe, Zach","ESPN","1st Team All-Defense","forward_2","Antetokounmpo, Giannis (MIL)",5,3.60606060606061,1.39393939393939,1.94306703397613,"All-Defense"
"Lowe, Zach","ESPN","1st Team All-Defense","center","Gobert, Rudy (UTA)",5,5,0,0,"All-Defense"
"Lowe, Zach","ESPN","1st Team All-Defense","guard","Butler, Jimmy (MIA)",5,2.93939393939394,2.06060606060606,4.24609733700643,"All-Defense"
"Lowe, Zach","ESPN","1st Team All-Defense","guard_2","Simmons, Ben (PHI)",5,5,0,0,"All-Defense"
"MacMullan, Jackie","ESPN","1st Team All-Defense","forward","Embiid, Joel (PHI)",5,2.50505050505051,2.49494949494949,6.22477298234874,"All-Defense"
"MacMullan, Jackie","ESPN","1st Team All-Defense","forward_2","Green, Draymond (GSW)",5,4.47474747474747,0.525252525252525,0.275890215284154,"All-Defense"
"MacMullan, Jackie","ESPN","1st Team All-Defense","center","Gobert, Rudy (UTA)",5,5,0,0,"All-Defense"
"MacMullan, Jackie","ESPN","1st Team All-Defense","guard","Simmons, Ben (PHI)",5,5,0,0,"All-Defense"
"MacMullan, Jackie","ESPN","1st Team All-Defense","guard_2","Butler, Jimmy (MIA)",5,2.93939393939394,2.06060606060606,4.24609733700643,"All-Defense"
"Mahoney, Brian","Associated Press","1st Team All-Defense","forward","Green, Draymond (GSW)",5,4.47474747474747,0.525252525252525,0.275890215284154,"All-Defense"
"Mahoney, Brian","Associated Press","1st Team All-Defense","forward_2","Turner, Myles (IND)",5,0.626262626262626,4.37373737373737,19.1295786144271,"All-Defense"
"Mahoney, Brian","Associated Press","1st Team All-Defense","center","Gobert, Rudy (UTA)",5,5,0,0,"All-Defense"
"Mahoney, Brian","Associated Press","1st Team All-Defense","guard","Simmons, Ben (PHI)",5,5,0,0,"All-Defense"
"Mahoney, Brian","Associated Press","1st Team All-Defense","guard_2","Holiday, Jrue (MIL)",5,4.05050505050505,0.94949494949495,0.901540659116417,"All-Defense"
"Mahoney, Rob","The Ringer","1st Team All-Defense","forward","Antetokounmpo, Giannis (MIL)",5,3.60606060606061,1.39393939393939,1.94306703397613,"All-Defense"
"Mahoney, Rob","The Ringer","1st Team All-Defense","forward_2","Butler, Jimmy (MIA)",5,2.93939393939394,2.06060606060606,4.24609733700643,"All-Defense"
"Mahoney, Rob","The Ringer","1st Team All-Defense","center","Gobert, Rudy (UTA)",5,5,0,0,"All-Defense"
"Mahoney, Rob","The Ringer","1st Team All-Defense","guard","Simmons, Ben (PHI)",5,5,0,0,"All-Defense"
"Mahoney, Rob","The Ringer","1st Team All-Defense","guard_2","Holiday, Jrue (MIL)",5,4.05050505050505,0.94949494949495,0.901540659116417,"All-Defense"
"Mannix, Chris","Sports Illustrated","1st Team All-Defense","forward","Adebayo, Bam (MIA)",5,2.93939393939394,2.06060606060606,4.24609733700643,"All-Defense"
"Mannix, Chris","Sports Illustrated","1st Team All-Defense","forward_2","Antetokounmpo, Giannis (MIL)",5,3.60606060606061,1.39393939393939,1.94306703397613,"All-Defense"
"Mannix, Chris","Sports Illustrated","1st Team All-Defense","center","Gobert, Rudy (UTA)",5,5,0,0,"All-Defense"
"Mannix, Chris","Sports Illustrated","1st Team All-Defense","guard","Simmons, Ben (PHI)",5,5,0,0,"All-Defense"
"Mannix, Chris","Sports Illustrated","1st Team All-Defense","guard_2","Holiday, Jrue (MIL)",5,4.05050505050505,0.94949494949495,0.901540659116417,"All-Defense"
"Martinez, Diego","Reforma","1st Team All-Defense","forward","Adebayo, Bam (MIA)",5,2.93939393939394,2.06060606060606,4.24609733700643,"All-Defense"
"Martinez, Diego","Reforma","1st Team All-Defense","forward_2","Embiid, Joel (PHI)",5,2.50505050505051,2.49494949494949,6.22477298234874,"All-Defense"
"Martinez, Diego","Reforma","1st Team All-Defense","center","Gobert, Rudy (UTA)",5,5,0,0,"All-Defense"
"Martinez, Diego","Reforma","1st Team All-Defense","guard","Simmons, Ben (PHI)",5,5,0,0,"All-Defense"
"Martinez, Diego","Reforma","1st Team All-Defense","guard_2","Butler, Jimmy (MIA)",5,2.93939393939394,2.06060606060606,4.24609733700643,"All-Defense"
"McDonald, Jeff","San Antonio Express-News","1st Team All-Defense","forward","Adebayo, Bam (MIA)",5,2.93939393939394,2.06060606060606,4.24609733700643,"All-Defense"
"McDonald, Jeff","San Antonio Express-News","1st Team All-Defense","forward_2","Turner, Myles (IND)",5,0.626262626262626,4.37373737373737,19.1295786144271,"All-Defense"
"McDonald, Jeff","San Antonio Express-News","1st Team All-Defense","center","Gobert, Rudy (UTA)",5,5,0,0,"All-Defense"
"McDonald, Jeff","San Antonio Express-News","1st Team All-Defense","guard","Simmons, Ben (PHI)",5,5,0,0,"All-Defense"
"McDonald, Jeff","San Antonio Express-News","1st Team All-Defense","guard_2","Holiday, Jrue (MIL)",5,4.05050505050505,0.94949494949495,0.901540659116417,"All-Defense"
"McMenamin, Dave","ESPN","1st Team All-Defense","forward","Leonard, Kawhi (LAC)",5,1.17171717171717,3.82828282828283,14.6557494133252,"All-Defense"
"McMenamin, Dave","ESPN","1st Team All-Defense","forward_2","Green, Draymond (GSW)",5,4.47474747474747,0.525252525252525,0.275890215284154,"All-Defense"
"McMenamin, Dave","ESPN","1st Team All-Defense","center","Gobert, Rudy (UTA)",5,5,0,0,"All-Defense"
"McMenamin, Dave","ESPN","1st Team All-Defense","guard","Simmons, Ben (PHI)",5,5,0,0,"All-Defense"
"McMenamin, Dave","ESPN","1st Team All-Defense","guard_2","Holiday, Jrue (MIL)",5,4.05050505050505,0.94949494949495,0.901540659116417,"All-Defense"
"Medina, Mark","USA Today","1st Team All-Defense","forward","Green, Draymond (GSW)",5,4.47474747474747,0.525252525252525,0.275890215284154,"All-Defense"
"Medina, Mark","USA Today","1st Team All-Defense","forward_2","Antetokounmpo, Giannis (MIL)",5,3.60606060606061,1.39393939393939,1.94306703397613,"All-Defense"
"Medina, Mark","USA Today","1st Team All-Defense","center","Gobert, Rudy (UTA)",5,5,0,0,"All-Defense"
"Medina, Mark","USA Today","1st Team All-Defense","guard","Simmons, Ben (PHI)",5,5,0,0,"All-Defense"
"Medina, Mark","USA Today","1st Team All-Defense","guard_2","Holiday, Jrue (MIL)",5,4.05050505050505,0.94949494949495,0.901540659116417,"All-Defense"
"Miyaji, Yoko","Sports Graphic Number","1st Team All-Defense","forward","Antetokounmpo, Giannis (MIL)",5,3.60606060606061,1.39393939393939,1.94306703397613,"All-Defense"
"Miyaji, Yoko","Sports Graphic Number","1st Team All-Defense","forward_2","Green, Draymond (GSW)",5,4.47474747474747,0.525252525252525,0.275890215284154,"All-Defense"
"Miyaji, Yoko","Sports Graphic Number","1st Team All-Defense","center","Gobert, Rudy (UTA)",5,5,0,0,"All-Defense"
"Miyaji, Yoko","Sports Graphic Number","1st Team All-Defense","guard","Holiday, Jrue (MIL)",5,4.05050505050505,0.94949494949495,0.901540659116417,"All-Defense"
"Miyaji, Yoko","Sports Graphic Number","1st Team All-Defense","guard_2","Simmons, Ben (PHI)",5,5,0,0,"All-Defense"
"Mussatto, Joe","The Oklahoman","1st Team All-Defense","forward","Antetokounmpo, Giannis (MIL)",5,3.60606060606061,1.39393939393939,1.94306703397613,"All-Defense"
"Mussatto, Joe","The Oklahoman","1st Team All-Defense","forward_2","Green, Draymond (GSW)",5,4.47474747474747,0.525252525252525,0.275890215284154,"All-Defense"
"Mussatto, Joe","The Oklahoman","1st Team All-Defense","center","Gobert, Rudy (UTA)",5,5,0,0,"All-Defense"
"Mussatto, Joe","The Oklahoman","1st Team All-Defense","guard","Simmons, Ben (PHI)",5,5,0,0,"All-Defense"
"Mussatto, Joe","The Oklahoman","1st Team All-Defense","guard_2","Butler, Jimmy (MIA)",5,2.93939393939394,2.06060606060606,4.24609733700643,"All-Defense"
"Nichols, Rachel","ESPN","1st Team All-Defense","forward","Green, Draymond (GSW)",5,4.47474747474747,0.525252525252525,0.275890215284154,"All-Defense"
"Nichols, Rachel","ESPN","1st Team All-Defense","forward_2","Antetokounmpo, Giannis (MIL)",5,3.60606060606061,1.39393939393939,1.94306703397613,"All-Defense"
"Nichols, Rachel","ESPN","1st Team All-Defense","center","Gobert, Rudy (UTA)",5,5,0,0,"All-Defense"
"Nichols, Rachel","ESPN","1st Team All-Defense","guard","Simmons, Ben (PHI)",5,5,0,0,"All-Defense"
"Nichols, Rachel","ESPN","1st Team All-Defense","guard_2","Holiday, Jrue (MIL)",5,4.05050505050505,0.94949494949495,0.901540659116417,"All-Defense"
"O'Connor, Kevin","The Ringer","1st Team All-Defense","forward","Adebayo, Bam (MIA)",5,2.93939393939394,2.06060606060606,4.24609733700643,"All-Defense"
"O'Connor, Kevin","The Ringer","1st Team All-Defense","forward_2","Green, Draymond (GSW)",5,4.47474747474747,0.525252525252525,0.275890215284154,"All-Defense"
"O'Connor, Kevin","The Ringer","1st Team All-Defense","center","Gobert, Rudy (UTA)",5,5,0,0,"All-Defense"
"O'Connor, Kevin","The Ringer","1st Team All-Defense","guard","Holiday, Jrue (MIL)",5,4.05050505050505,0.94949494949495,0.901540659116417,"All-Defense"
"O'Connor, Kevin","The Ringer","1st Team All-Defense","guard_2","Simmons, Ben (PHI)",5,5,0,0,"All-Defense"
"Owczarski, James","Milwaukee Journal Sentinel","1st Team All-Defense","forward","Leonard, Kawhi (LAC)",5,1.17171717171717,3.82828282828283,14.6557494133252,"All-Defense"
"Owczarski, James","Milwaukee Journal Sentinel","1st Team All-Defense","forward_2","Green, Draymond (GSW)",5,4.47474747474747,0.525252525252525,0.275890215284154,"All-Defense"
"Owczarski, James","Milwaukee Journal Sentinel","1st Team All-Defense","center","Gobert, Rudy (UTA)",5,5,0,0,"All-Defense"
